#https://home.strw.leidenuniv.nl/~ewine/photo/radiation_fields.html
# Numerical radiation field:  habing1968
# wavelength: nm
# intensity: photons.s-1.cm-2.nm-1
# wavelength intensity
91.20000 5.48089e+05
92.20000 5.54099e+05
93.20000 5.60109e+05
94.20000 5.66118e+05
95.20000 5.72128e+05
96.20000 5.78138e+05
97.20000 5.84148e+05
98.20000 5.90157e+05
99.20000 5.96167e+05
100.20000 6.02177e+05
101.20000 6.08187e+05
102.20000 6.14196e+05
103.20000 6.20206e+05
104.20000 6.26216e+05
105.20000 6.32226e+05
106.20000 6.38235e+05
107.20000 6.44245e+05
108.20000 6.50255e+05
109.20000 6.56265e+05
110.20000 6.62274e+05
111.20000 6.68284e+05
112.20000 6.74294e+05
113.20000 6.80304e+05
114.20000 6.86313e+05
115.20000 6.92323e+05
116.20000 6.98333e+05
117.20000 7.04343e+05
118.20000 7.10352e+05
119.20000 7.16362e+05
120.20000 7.22372e+05
121.20000 7.28382e+05
122.20000 7.34391e+05
123.20000 7.40401e+05
124.20000 7.46411e+05
125.20000 7.52421e+05
126.20000 7.58430e+05
127.20000 7.64440e+05
128.20000 7.70450e+05
129.20000 7.76460e+05
130.20000 7.82469e+05
131.20000 7.88479e+05
132.20000 7.94489e+05
133.20000 8.00499e+05
134.20000 8.06508e+05
135.20000 8.12518e+05
136.20000 8.18528e+05
137.20000 8.24538e+05
138.20000 8.30547e+05
139.20000 8.36557e+05
140.20000 8.42567e+05
141.20000 8.48577e+05
142.20000 8.54586e+05
143.20000 8.60596e+05
144.20000 8.66606e+05
145.20000 8.72616e+05
146.20000 8.78625e+05
147.20000 8.84635e+05
148.20000 8.90645e+05
149.20000 8.96655e+05
150.20000 9.02664e+05
151.20000 9.08674e+05
152.20000 9.14684e+05
153.20000 9.20694e+05
154.20000 9.26703e+05
155.20000 9.32713e+05
156.20000 9.38723e+05
157.20000 9.44733e+05
158.20000 9.50742e+05
159.20000 9.56752e+05
160.20000 9.62762e+05
161.20000 9.68772e+05
162.20000 9.74781e+05
163.20000 9.80791e+05
164.20000 9.86801e+05
165.20000 9.92811e+05
166.20000 9.98820e+05
167.20000 1.00483e+06
168.20000 1.01084e+06
169.20000 1.01685e+06
170.20000 1.02286e+06
171.20000 1.02887e+06
172.20000 1.03488e+06
173.20000 1.04089e+06
174.20000 1.04690e+06
175.20000 1.05291e+06
176.20000 1.05892e+06
177.20000 1.06493e+06
178.20000 1.07094e+06
179.20000 1.07695e+06
180.20000 1.08296e+06
181.20000 1.08897e+06
182.20000 1.09498e+06
183.20000 1.10099e+06
184.20000 1.10700e+06
185.20000 1.11301e+06
186.20000 1.11902e+06
187.20000 1.12503e+06
188.20000 1.13103e+06
189.20000 1.13704e+06
190.20000 1.14305e+06
191.20000 1.14906e+06
192.20000 1.15507e+06
193.20000 1.16108e+06
194.20000 1.16709e+06
195.20000 1.17310e+06
196.20000 1.17911e+06
197.20000 1.18512e+06
198.20000 1.19113e+06
199.20000 1.19714e+06
200.20000 1.20315e+06
201.20000 1.20916e+06
202.20000 1.21517e+06
203.20000 1.22118e+06
204.20000 1.22719e+06
205.20000 1.23320e+06
206.20000 1.23921e+06
207.20000 1.24522e+06
208.20000 1.25123e+06
209.20000 1.25724e+06
210.20000 1.26325e+06
211.20000 1.26926e+06
212.20000 1.27527e+06
213.20000 1.28128e+06
214.20000 1.28729e+06
215.20000 1.29330e+06
216.20000 1.29931e+06
217.20000 1.30532e+06
218.20000 1.31133e+06
219.20000 1.31734e+06
220.20000 1.32335e+06
221.20000 1.32936e+06
222.20000 1.33537e+06
223.20000 1.34138e+06
224.20000 1.34739e+06
225.20000 1.35340e+06
226.20000 1.35941e+06
227.20000 1.36542e+06
228.20000 1.37142e+06
229.20000 1.37743e+06
230.20000 1.38344e+06
231.20000 1.38945e+06
232.20000 1.39546e+06
233.20000 1.40147e+06
234.20000 1.40748e+06
235.20000 1.41349e+06
236.20000 1.41950e+06
237.20000 1.42551e+06
238.20000 1.43152e+06
239.20000 1.43753e+06
240.20000 1.44354e+06
241.20000 1.44955e+06
242.20000 1.45556e+06
243.20000 1.46157e+06
244.20000 1.46758e+06
245.20000 1.47359e+06
246.20000 1.47960e+06
247.20000 1.48561e+06
248.20000 1.49162e+06
249.20000 1.49763e+06
250.20000 1.50364e+06
251.20000 1.50965e+06
252.20000 1.51566e+06
253.20000 1.52167e+06
254.20000 1.52768e+06
255.20000 1.53369e+06
256.20000 1.53970e+06
257.20000 1.54571e+06
258.20000 1.55172e+06
259.20000 1.55773e+06
260.20000 1.56374e+06
261.20000 1.56975e+06
262.20000 1.57576e+06
263.20000 1.58177e+06
264.20000 1.58778e+06
265.20000 1.59379e+06
266.20000 1.59980e+06
267.20000 1.60581e+06
268.20000 1.61181e+06
269.20000 1.61782e+06
270.20000 1.62383e+06
271.20000 1.62984e+06
272.20000 1.63585e+06
273.20000 1.64186e+06
274.20000 1.64787e+06
275.20000 1.65388e+06
276.20000 1.65989e+06
277.20000 1.66590e+06
278.20000 1.67191e+06
279.20000 1.67792e+06
280.20000 1.68393e+06
281.20000 1.68994e+06
282.20000 1.69595e+06
283.20000 1.70196e+06
284.20000 1.70797e+06
285.20000 1.71398e+06
286.20000 1.71999e+06
287.20000 1.72600e+06
288.20000 1.73201e+06
289.20000 1.73802e+06
290.20000 1.74403e+06
291.20000 1.75004e+06
292.20000 1.75605e+06
293.20000 1.76206e+06
294.20000 1.76807e+06
295.20000 1.77408e+06
296.20000 1.78009e+06
297.20000 1.78610e+06
298.20000 1.79211e+06
299.20000 1.79812e+06
300.20000 1.80413e+06
301.20000 1.81014e+06
302.20000 1.81615e+06
303.20000 1.82216e+06
304.20000 1.82817e+06
305.20000 1.83418e+06
306.20000 1.84019e+06
307.20000 1.84620e+06
308.20000 1.85220e+06
309.20000 1.85821e+06
310.20000 1.86422e+06
311.20000 1.87023e+06
312.20000 1.87624e+06
313.20000 1.88225e+06
314.20000 1.88826e+06
315.20000 1.89427e+06
316.20000 1.90028e+06
317.20000 1.90629e+06
318.20000 1.91230e+06
319.20000 1.91831e+06
320.20000 1.92432e+06
321.20000 1.93033e+06
322.20000 1.93634e+06
323.20000 1.94235e+06
324.20000 1.94836e+06
325.20000 1.95437e+06
326.20000 1.96038e+06
327.20000 1.96639e+06
328.20000 1.97240e+06
329.20000 1.97841e+06
330.20000 1.98442e+06
331.20000 1.99043e+06
332.20000 1.99644e+06
333.20000 2.00245e+06
334.20000 2.00846e+06
335.20000 2.01447e+06
336.20000 2.02048e+06
337.20000 2.02649e+06
338.20000 2.03250e+06
339.20000 2.03851e+06
340.20000 2.04452e+06
341.20000 2.05053e+06
342.20000 2.05654e+06
343.20000 2.06255e+06
344.20000 2.06856e+06
345.20000 2.07457e+06
346.20000 2.08058e+06
347.20000 2.08659e+06
348.20000 2.09259e+06
349.20000 2.09860e+06
350.20000 2.10461e+06
351.20000 2.11062e+06
352.20000 2.11663e+06
353.20000 2.12264e+06
354.20000 2.12865e+06
355.20000 2.13466e+06
356.20000 2.14067e+06
357.20000 2.14668e+06
358.20000 2.15269e+06
359.20000 2.15870e+06
360.20000 2.16471e+06
361.20000 2.17072e+06
362.20000 2.17673e+06
363.20000 2.18274e+06
364.20000 2.18875e+06
365.20000 2.19476e+06
366.20000 2.20077e+06
367.20000 2.20678e+06
368.20000 2.21279e+06
369.20000 2.21880e+06
370.20000 2.22481e+06
371.20000 2.23082e+06
372.20000 2.23683e+06
373.20000 2.24284e+06
374.20000 2.24885e+06
375.20000 2.25486e+06
376.20000 2.26087e+06
377.20000 2.26688e+06
378.20000 2.27289e+06
379.20000 2.27890e+06
380.20000 2.28491e+06
381.20000 2.29092e+06
382.20000 2.29693e+06
383.20000 2.30294e+06
384.20000 2.30895e+06
385.20000 2.31496e+06
386.20000 2.32097e+06
387.20000 2.32698e+06
388.20000 2.33298e+06
389.20000 2.33899e+06
390.20000 2.34500e+06
391.20000 2.35101e+06
392.20000 2.35702e+06
393.20000 2.36303e+06
394.20000 2.36904e+06
395.20000 2.37505e+06
396.20000 2.38106e+06
397.20000 2.38707e+06
398.20000 2.39308e+06
399.20000 2.39909e+06
400.20000 2.40510e+06
401.20000 2.41111e+06
402.20000 2.41712e+06
403.20000 2.42313e+06
404.20000 2.42914e+06
405.20000 2.43515e+06
406.20000 2.44116e+06
407.20000 2.44717e+06
408.20000 2.45318e+06
409.20000 2.45919e+06
410.20000 2.46520e+06
411.20000 2.47121e+06
412.20000 2.47722e+06
413.20000 2.48323e+06
414.20000 2.48924e+06
415.20000 2.49525e+06
416.20000 2.50126e+06
417.20000 2.50727e+06
418.20000 2.51328e+06
419.20000 2.51929e+06
420.20000 2.52530e+06
421.20000 2.53131e+06
422.20000 2.53732e+06
423.20000 2.54333e+06
424.20000 2.54934e+06
425.20000 2.55535e+06
426.20000 2.56136e+06
427.20000 2.56737e+06
428.20000 2.57337e+06
429.20000 2.57938e+06
430.20000 2.58539e+06
431.20000 2.59140e+06
432.20000 2.59741e+06
433.20000 2.60342e+06
434.20000 2.60943e+06
435.20000 2.61544e+06
436.20000 2.62145e+06
437.20000 2.62746e+06
438.20000 2.63347e+06
439.20000 2.63948e+06
440.20000 2.64549e+06
441.20000 2.65150e+06
442.20000 2.65751e+06
443.20000 2.66352e+06
444.20000 2.66953e+06
445.20000 2.67554e+06
446.20000 2.68155e+06
447.20000 2.68756e+06
448.20000 2.69357e+06
449.20000 2.69958e+06
450.20000 2.70559e+06
451.20000 2.71160e+06
452.20000 2.71761e+06
453.20000 2.72362e+06
454.20000 2.72963e+06
455.20000 2.73564e+06
456.20000 2.74165e+06
457.20000 2.74766e+06
458.20000 2.75367e+06
459.20000 2.75968e+06
460.20000 2.76569e+06
461.20000 2.77170e+06
462.20000 2.77771e+06
463.20000 2.78372e+06
464.20000 2.78973e+06
465.20000 2.79574e+06
466.20000 2.80175e+06
467.20000 2.80776e+06
468.20000 2.81376e+06
469.20000 2.81977e+06
470.20000 2.82578e+06
471.20000 2.83179e+06
472.20000 2.83780e+06
473.20000 2.84381e+06
474.20000 2.84982e+06
475.20000 2.85583e+06
476.20000 2.86184e+06
477.20000 2.86785e+06
478.20000 2.87386e+06
479.20000 2.87987e+06
480.20000 2.88588e+06
481.20000 2.89189e+06
482.20000 2.89790e+06
483.20000 2.90391e+06
484.20000 2.90992e+06
485.20000 2.91593e+06
486.20000 2.92194e+06
487.20000 2.92795e+06
488.20000 2.93396e+06
489.20000 2.93997e+06
490.20000 2.94598e+06
491.20000 2.95199e+06
492.20000 2.95800e+06
493.20000 2.96401e+06
494.20000 2.97002e+06
495.20000 2.97603e+06
496.20000 2.98204e+06
497.20000 2.98805e+06
498.20000 2.99406e+06
499.20000 3.00007e+06
500.20000 3.00608e+06
501.20000 3.01209e+06
502.20000 3.01810e+06
503.20000 3.02411e+06
504.20000 3.03012e+06
505.20000 3.03613e+06
506.20000 3.04214e+06
507.20000 3.04815e+06
508.20000 3.05415e+06
509.20000 3.06016e+06
510.20000 3.06617e+06
511.20000 3.07218e+06
512.20000 3.07819e+06
513.20000 3.08420e+06
514.20000 3.09021e+06
515.20000 3.09622e+06
516.20000 3.10223e+06
517.20000 3.10824e+06
518.20000 3.11425e+06
519.20000 3.12026e+06
520.20000 3.12627e+06
521.20000 3.13228e+06
522.20000 3.13829e+06
523.20000 3.14430e+06
524.20000 3.15031e+06
525.20000 3.15632e+06
526.20000 3.16233e+06
527.20000 3.16834e+06
528.20000 3.17435e+06
529.20000 3.18036e+06
530.20000 3.18637e+06
531.20000 3.19238e+06
532.20000 3.19839e+06
533.20000 3.20440e+06
534.20000 3.21041e+06
535.20000 3.21642e+06
536.20000 3.22243e+06
537.20000 3.22844e+06
538.20000 3.23445e+06
539.20000 3.24046e+06
540.20000 3.24647e+06
541.20000 3.25248e+06
542.20000 3.25849e+06
543.20000 3.26450e+06
544.20000 3.27051e+06
545.20000 3.27652e+06
546.20000 3.28253e+06
547.20000 3.28854e+06
548.20000 3.29454e+06
549.20000 3.30055e+06
550.20000 3.30656e+06
551.20000 3.31257e+06
552.20000 3.31858e+06
553.20000 3.32459e+06
554.20000 3.33060e+06
555.20000 3.33661e+06
556.20000 3.34262e+06
557.20000 3.34863e+06
558.20000 3.35464e+06
559.20000 3.36065e+06
560.20000 3.36666e+06
561.20000 3.37267e+06
562.20000 3.37868e+06
563.20000 3.38469e+06
564.20000 3.39070e+06
565.20000 3.39671e+06
566.20000 3.40272e+06
567.20000 3.40873e+06
568.20000 3.41474e+06
569.20000 3.42075e+06
570.20000 3.42676e+06
571.20000 3.43277e+06
572.20000 3.43878e+06
573.20000 3.44479e+06
574.20000 3.45080e+06
575.20000 3.45681e+06
576.20000 3.46282e+06
577.20000 3.46883e+06
578.20000 3.47484e+06
579.20000 3.48085e+06
580.20000 3.48686e+06
581.20000 3.49287e+06
582.20000 3.49888e+06
583.20000 3.50489e+06
584.20000 3.51090e+06
585.20000 3.51691e+06
586.20000 3.52292e+06
587.20000 3.52893e+06
588.20000 3.53493e+06
589.20000 3.54094e+06
590.20000 3.54695e+06
591.20000 3.55296e+06
592.20000 3.55897e+06
593.20000 3.56498e+06
594.20000 3.57099e+06
595.20000 3.57700e+06
596.20000 3.58301e+06
597.20000 3.58902e+06
598.20000 3.59503e+06
599.20000 3.60104e+06
600.20000 3.60705e+06
601.20000 3.61306e+06
602.20000 3.61907e+06
603.20000 3.62508e+06
604.20000 3.63109e+06
605.20000 3.63710e+06
606.20000 3.64311e+06
607.20000 3.64912e+06
608.20000 3.65513e+06
609.20000 3.66114e+06
610.20000 3.66715e+06
611.20000 3.67316e+06
612.20000 3.67917e+06
613.20000 3.68518e+06
614.20000 3.69119e+06
615.20000 3.69720e+06
616.20000 3.70321e+06
617.20000 3.70922e+06
618.20000 3.71523e+06
619.20000 3.72124e+06
620.20000 3.72725e+06
621.20000 3.73326e+06
622.20000 3.73927e+06
623.20000 3.74528e+06
624.20000 3.75129e+06
625.20000 3.75730e+06
626.20000 3.76331e+06
627.20000 3.76932e+06
628.20000 3.77532e+06
629.20000 3.78133e+06
630.20000 3.78734e+06
631.20000 3.79335e+06
632.20000 3.79936e+06
633.20000 3.80537e+06
634.20000 3.81138e+06
635.20000 3.81739e+06
636.20000 3.82340e+06
637.20000 3.82941e+06
638.20000 3.83542e+06
639.20000 3.84143e+06
640.20000 3.84744e+06
641.20000 3.85345e+06
642.20000 3.85946e+06
643.20000 3.86547e+06
644.20000 3.87148e+06
645.20000 3.87749e+06
646.20000 3.88350e+06
647.20000 3.88951e+06
648.20000 3.89552e+06
649.20000 3.90153e+06
650.20000 3.90754e+06
651.20000 3.91355e+06
652.20000 3.91956e+06
653.20000 3.92557e+06
654.20000 3.93158e+06
655.20000 3.93759e+06
656.20000 3.94360e+06
657.20000 3.94961e+06
658.20000 3.95562e+06
659.20000 3.96163e+06
660.20000 3.96764e+06
661.20000 3.97365e+06
662.20000 3.97966e+06
663.20000 3.98567e+06
664.20000 3.99168e+06
665.20000 3.99769e+06
666.20000 4.00370e+06
667.20000 4.00971e+06
668.20000 4.01571e+06
669.20000 4.02172e+06
670.20000 4.02773e+06
671.20000 4.03374e+06
672.20000 4.03975e+06
673.20000 4.04576e+06
674.20000 4.05177e+06
675.20000 4.05778e+06
676.20000 4.06379e+06
677.20000 4.06980e+06
678.20000 4.07581e+06
679.20000 4.08182e+06
680.20000 4.08783e+06
681.20000 4.09384e+06
682.20000 4.09985e+06
683.20000 4.10586e+06
684.20000 4.11187e+06
685.20000 4.11788e+06
686.20000 4.12389e+06
687.20000 4.12990e+06
688.20000 4.13591e+06
689.20000 4.14192e+06
690.20000 4.14793e+06
691.20000 4.15394e+06
692.20000 4.15995e+06
693.20000 4.16596e+06
694.20000 4.17197e+06
695.20000 4.17798e+06
696.20000 4.18399e+06
697.20000 4.19000e+06
698.20000 4.19601e+06
699.20000 4.20202e+06
700.20000 4.20803e+06
701.20000 4.21404e+06
702.20000 4.22005e+06
703.20000 4.22606e+06
704.20000 4.23207e+06
705.20000 4.23808e+06
706.20000 4.24409e+06
707.20000 4.25009e+06
708.20000 4.25610e+06
709.20000 4.26211e+06
710.20000 4.26812e+06
711.20000 4.27413e+06
712.20000 4.28014e+06
713.20000 4.28615e+06
714.20000 4.29216e+06
715.20000 4.29817e+06
716.20000 4.30418e+06
717.20000 4.31019e+06
718.20000 4.31620e+06
719.20000 4.32221e+06
720.20000 4.32822e+06
721.20000 4.33423e+06
722.20000 4.34024e+06
723.20000 4.34625e+06
724.20000 4.35226e+06
725.20000 4.35827e+06
726.20000 4.36428e+06
727.20000 4.37029e+06
728.20000 4.37630e+06
729.20000 4.38231e+06
730.20000 4.38832e+06
731.20000 4.39433e+06
732.20000 4.40034e+06
733.20000 4.40635e+06
734.20000 4.41236e+06
735.20000 4.41837e+06
736.20000 4.42438e+06
737.20000 4.43039e+06
738.20000 4.43640e+06
739.20000 4.44241e+06
740.20000 4.44842e+06
741.20000 4.45443e+06
742.20000 4.46044e+06
743.20000 4.46645e+06
744.20000 4.47246e+06
745.20000 4.47847e+06
746.20000 4.48448e+06
747.20000 4.49048e+06
748.20000 4.49649e+06
749.20000 4.50250e+06
750.20000 4.50851e+06
751.20000 4.51452e+06
752.20000 4.52053e+06
753.20000 4.52654e+06
754.20000 4.53255e+06
755.20000 4.53856e+06
756.20000 4.54457e+06
757.20000 4.55058e+06
758.20000 4.55659e+06
759.20000 4.56260e+06
760.20000 4.56861e+06
761.20000 4.57462e+06
762.20000 4.58063e+06
763.20000 4.58664e+06
764.20000 4.59265e+06
765.20000 4.59866e+06
766.20000 4.60467e+06
767.20000 4.61068e+06
768.20000 4.61669e+06
769.20000 4.62270e+06
770.20000 4.62871e+06
771.20000 4.63472e+06
772.20000 4.64073e+06
773.20000 4.64674e+06
774.20000 4.65275e+06
775.20000 4.65876e+06
776.20000 4.66477e+06
777.20000 4.67078e+06
778.20000 4.67679e+06
779.20000 4.68280e+06
780.20000 4.68881e+06
781.20000 4.69482e+06
782.20000 4.70083e+06
783.20000 4.70684e+06
784.20000 4.71285e+06
785.20000 4.71886e+06
786.20000 4.72487e+06
787.20000 4.73087e+06
788.20000 4.73688e+06
789.20000 4.74289e+06
790.20000 4.74890e+06
791.20000 4.75491e+06
792.20000 4.76092e+06
793.20000 4.76693e+06
794.20000 4.77294e+06
795.20000 4.77895e+06
796.20000 4.78496e+06
797.20000 4.79097e+06
798.20000 4.79698e+06
799.20000 4.80299e+06
800.20000 4.80900e+06
801.20000 4.81501e+06
802.20000 4.82102e+06
803.20000 4.82703e+06
804.20000 4.83304e+06
805.20000 4.83905e+06
806.20000 4.84506e+06
807.20000 4.85107e+06
808.20000 4.85708e+06
809.20000 4.86309e+06
810.20000 4.86910e+06
811.20000 4.87511e+06
812.20000 4.88112e+06
813.20000 4.88713e+06
814.20000 4.89314e+06
815.20000 4.89915e+06
816.20000 4.90516e+06
817.20000 4.91117e+06
818.20000 4.91718e+06
819.20000 4.92319e+06
820.20000 4.92920e+06
821.20000 4.93521e+06
822.20000 4.94122e+06
823.20000 4.94723e+06
824.20000 4.95324e+06
825.20000 4.95925e+06
826.20000 4.96526e+06
827.20000 4.97126e+06
828.20000 4.97727e+06
829.20000 4.98328e+06
830.20000 4.98929e+06
831.20000 4.99530e+06
832.20000 5.00131e+06
833.20000 5.00732e+06
834.20000 5.01333e+06
835.20000 5.01934e+06
836.20000 5.02535e+06
837.20000 5.03136e+06
838.20000 5.03737e+06
839.20000 5.04338e+06
840.20000 5.04939e+06
841.20000 5.05540e+06
842.20000 5.06141e+06
843.20000 5.06742e+06
844.20000 5.07343e+06
845.20000 5.07944e+06
846.20000 5.08545e+06
847.20000 5.09146e+06
848.20000 5.09747e+06
849.20000 5.10348e+06
850.20000 5.10949e+06
851.20000 5.11550e+06
852.20000 5.12151e+06
853.20000 5.12752e+06
854.20000 5.13353e+06
855.20000 5.13954e+06
856.20000 5.14555e+06
857.20000 5.15156e+06
858.20000 5.15757e+06
859.20000 5.16358e+06
860.20000 5.16959e+06
861.20000 5.17560e+06
862.20000 5.18161e+06
863.20000 5.18762e+06
864.20000 5.19363e+06
865.20000 5.19964e+06
866.20000 5.20565e+06
867.20000 5.21165e+06
868.20000 5.21766e+06
869.20000 5.22367e+06
870.20000 5.22968e+06
871.20000 5.23569e+06
872.20000 5.24170e+06
873.20000 5.24771e+06
874.20000 5.25372e+06
875.20000 5.25973e+06
876.20000 5.26574e+06
877.20000 5.27175e+06
878.20000 5.27776e+06
879.20000 5.28377e+06
880.20000 5.28978e+06
881.20000 5.29579e+06
882.20000 5.30180e+06
883.20000 5.30781e+06
884.20000 5.31382e+06
885.20000 5.31983e+06
886.20000 5.32584e+06
887.20000 5.33185e+06
888.20000 5.33786e+06
889.20000 5.34387e+06
890.20000 5.34988e+06
891.20000 5.35589e+06
892.20000 5.36190e+06
893.20000 5.36791e+06
894.20000 5.37392e+06
895.20000 5.37993e+06
896.20000 5.38594e+06
897.20000 5.39195e+06
898.20000 5.39796e+06
899.20000 5.40397e+06
900.20000 5.40998e+06
901.20000 5.41599e+06
902.20000 5.42200e+06
903.20000 5.42801e+06
904.20000 5.43402e+06
905.20000 5.44003e+06
906.20000 5.44604e+06
907.20000 5.45204e+06
908.20000 5.45805e+06
909.20000 5.46406e+06
910.20000 5.47007e+06
911.20000 5.47608e+06
912.20000 5.48209e+06
913.20000 5.48810e+06
914.20000 5.49411e+06
915.20000 5.50012e+06
916.20000 5.50613e+06
917.20000 5.51214e+06
918.20000 5.51815e+06
919.20000 5.52416e+06
920.20000 5.53017e+06
921.20000 5.53618e+06
922.20000 5.54219e+06
923.20000 5.54820e+06
924.20000 5.55421e+06
925.20000 5.56022e+06
926.20000 5.56623e+06
927.20000 5.57224e+06
928.20000 5.57825e+06
929.20000 5.58426e+06
930.20000 5.59027e+06
931.20000 5.59628e+06
932.20000 5.60229e+06
933.20000 5.60830e+06
934.20000 5.61431e+06
935.20000 5.62032e+06
936.20000 5.62633e+06
937.20000 5.63234e+06
938.20000 5.63835e+06
939.20000 5.64436e+06
940.20000 5.65037e+06
941.20000 5.65638e+06
942.20000 5.66239e+06
943.20000 5.66840e+06
944.20000 5.67441e+06
945.20000 5.68042e+06
946.20000 5.68643e+06
947.20000 5.69243e+06
948.20000 5.69844e+06
949.20000 5.70445e+06
950.20000 5.71046e+06
951.20000 5.71647e+06
952.20000 5.72248e+06
953.20000 5.72849e+06
954.20000 5.73450e+06
955.20000 5.74051e+06
956.20000 5.74652e+06
957.20000 5.75253e+06
958.20000 5.75854e+06
959.20000 5.76455e+06
960.20000 5.77056e+06
961.20000 5.77657e+06
962.20000 5.78258e+06
963.20000 5.78859e+06
964.20000 5.79460e+06
965.20000 5.80061e+06
966.20000 5.80662e+06
967.20000 5.81263e+06
968.20000 5.81864e+06
969.20000 5.82465e+06
970.20000 5.83066e+06
971.20000 5.83667e+06
972.20000 5.84268e+06
973.20000 5.84869e+06
974.20000 5.85470e+06
975.20000 5.86071e+06
976.20000 5.86672e+06
977.20000 5.87273e+06
978.20000 5.87874e+06
979.20000 5.88475e+06
980.20000 5.89076e+06
981.20000 5.89677e+06
982.20000 5.90278e+06
983.20000 5.90879e+06
984.20000 5.91480e+06
985.20000 5.92081e+06
986.20000 5.92682e+06
987.20000 5.93282e+06
988.20000 5.93883e+06
989.20000 5.94484e+06
990.20000 5.95085e+06
991.20000 5.95686e+06
992.20000 5.96287e+06
993.20000 5.96888e+06
994.20000 5.97489e+06
995.20000 5.98090e+06
996.20000 5.98691e+06
997.20000 5.99292e+06
998.20000 5.99893e+06
999.20000 6.00494e+06
1000.20000 6.01095e+06
1001.20000 6.01696e+06
1002.20000 6.02297e+06
1003.20000 6.02898e+06
1004.20000 6.03499e+06
1005.20000 6.04100e+06
1006.20000 6.04701e+06
1007.20000 6.05302e+06
1008.20000 6.05903e+06
1009.20000 6.06504e+06
1010.20000 6.07105e+06
1011.20000 6.07706e+06
1012.20000 6.08307e+06
1013.20000 6.08908e+06
1014.20000 6.09509e+06
1015.20000 6.10110e+06
1016.20000 6.10711e+06
1017.20000 6.11312e+06
1018.20000 6.11913e+06
1019.20000 6.12514e+06
1020.20000 6.13115e+06
1021.20000 6.13716e+06
1022.20000 6.14317e+06
1023.20000 6.14918e+06
1024.20000 6.15519e+06
1025.20000 6.16120e+06
1026.20000 6.16721e+06
1027.20000 6.17321e+06
1028.20000 6.17922e+06
1029.20000 6.18523e+06
1030.20000 6.19124e+06
1031.20000 6.19725e+06
1032.20000 6.20326e+06
1033.20000 6.20927e+06
1034.20000 6.21528e+06
1035.20000 6.22129e+06
1036.20000 6.22730e+06
1037.20000 6.23331e+06
1038.20000 6.23932e+06
1039.20000 6.24533e+06
1040.20000 6.25134e+06
1041.20000 6.25735e+06
1042.20000 6.26336e+06
1043.20000 6.26937e+06
1044.20000 6.27538e+06
1045.20000 6.28139e+06
1046.20000 6.28740e+06
1047.20000 6.29341e+06
1048.20000 6.29942e+06
1049.20000 6.30543e+06
1050.20000 6.31144e+06
1051.20000 6.31745e+06
1052.20000 6.32346e+06
1053.20000 6.32947e+06
1054.20000 6.33548e+06
1055.20000 6.34149e+06
1056.20000 6.34750e+06
1057.20000 6.35351e+06
1058.20000 6.35952e+06
1059.20000 6.36553e+06
1060.20000 6.37154e+06
1061.20000 6.37755e+06
1062.20000 6.38356e+06
1063.20000 6.38957e+06
1064.20000 6.39558e+06
1065.20000 6.40159e+06
1066.20000 6.40760e+06
1067.20000 6.41360e+06
1068.20000 6.41961e+06
1069.20000 6.42562e+06
1070.20000 6.43163e+06
1071.20000 6.43764e+06
1072.20000 6.44365e+06
1073.20000 6.44966e+06
1074.20000 6.45567e+06
1075.20000 6.46168e+06
1076.20000 6.46769e+06
1077.20000 6.47370e+06
1078.20000 6.47971e+06
1079.20000 6.48572e+06
1080.20000 6.49173e+06
1081.20000 6.49774e+06
1082.20000 6.50375e+06
1083.20000 6.50976e+06
1084.20000 6.51577e+06
1085.20000 6.52178e+06
1086.20000 6.52779e+06
1087.20000 6.53380e+06
1088.20000 6.53981e+06
1089.20000 6.54582e+06
1090.20000 6.55183e+06
1091.20000 6.55784e+06
1092.20000 6.56385e+06
1093.20000 6.56986e+06
1094.20000 6.57587e+06
1095.20000 6.58188e+06
1096.20000 6.58789e+06
1097.20000 6.59390e+06
1098.20000 6.59991e+06
1099.20000 6.60592e+06
1100.20000 6.61193e+06
1101.20000 6.61794e+06
1102.20000 6.62395e+06
1103.20000 6.62996e+06
1104.20000 6.63597e+06
1105.20000 6.64198e+06
1106.20000 6.64799e+06
1107.20000 6.65399e+06
1108.20000 6.66000e+06
1109.20000 6.66601e+06
1110.20000 6.67202e+06
1111.20000 6.67803e+06
1112.20000 6.68404e+06
1113.20000 6.69005e+06
1114.20000 6.69606e+06
1115.20000 6.70207e+06
1116.20000 6.70808e+06
1117.20000 6.71409e+06
1118.20000 6.72010e+06
1119.20000 6.72611e+06
1120.20000 6.73212e+06
1121.20000 6.73813e+06
1122.20000 6.74414e+06
1123.20000 6.75015e+06
1124.20000 6.75616e+06
1125.20000 6.76217e+06
1126.20000 6.76818e+06
1127.20000 6.77419e+06
1128.20000 6.78020e+06
1129.20000 6.78621e+06
1130.20000 6.79222e+06
1131.20000 6.79823e+06
1132.20000 6.80424e+06
1133.20000 6.81025e+06
1134.20000 6.81626e+06
1135.20000 6.82227e+06
1136.20000 6.82828e+06
1137.20000 6.83429e+06
1138.20000 6.84030e+06
1139.20000 6.84631e+06
1140.20000 6.85232e+06
1141.20000 6.85833e+06
1142.20000 6.86434e+06
1143.20000 6.87035e+06
1144.20000 6.87636e+06
1145.20000 6.88237e+06
1146.20000 6.88838e+06
1147.20000 6.89438e+06
1148.20000 6.90039e+06
1149.20000 6.90640e+06
1150.20000 6.91241e+06
1151.20000 6.91842e+06
1152.20000 6.92443e+06
1153.20000 6.93044e+06
1154.20000 6.93645e+06
1155.20000 6.94246e+06
1156.20000 6.94847e+06
1157.20000 6.95448e+06
1158.20000 6.96049e+06
1159.20000 6.96650e+06
1160.20000 6.97251e+06
1161.20000 6.97852e+06
1162.20000 6.98453e+06
1163.20000 6.99054e+06
1164.20000 6.99655e+06
1165.20000 7.00256e+06
1166.20000 7.00857e+06
1167.20000 7.01458e+06
1168.20000 7.02059e+06
1169.20000 7.02660e+06
1170.20000 7.03261e+06
1171.20000 7.03862e+06
1172.20000 7.04463e+06
1173.20000 7.05064e+06
1174.20000 7.05665e+06
1175.20000 7.06266e+06
1176.20000 7.06867e+06
1177.20000 7.07468e+06
1178.20000 7.08069e+06
1179.20000 7.08670e+06
1180.20000 7.09271e+06
1181.20000 7.09872e+06
1182.20000 7.10473e+06
1183.20000 7.11074e+06
1184.20000 7.11675e+06
1185.20000 7.12276e+06
1186.20000 7.12877e+06
1187.20000 7.13477e+06
1188.20000 7.14078e+06
1189.20000 7.14679e+06
1190.20000 7.15280e+06
1191.20000 7.15881e+06
1192.20000 7.16482e+06
1193.20000 7.17083e+06
1194.20000 7.17684e+06
1195.20000 7.18285e+06
1196.20000 7.18886e+06
1197.20000 7.19487e+06
1198.20000 7.20088e+06
1199.20000 7.20689e+06
1200.20000 7.21290e+06
1201.20000 7.21891e+06
1202.20000 7.22492e+06
1203.20000 7.23093e+06
1204.20000 7.23694e+06
1205.20000 7.24295e+06
1206.20000 7.24896e+06
1207.20000 7.25497e+06
1208.20000 7.26098e+06
1209.20000 7.26699e+06
1210.20000 7.27300e+06
1211.20000 7.27901e+06
1212.20000 7.28502e+06
1213.20000 7.29103e+06
1214.20000 7.29704e+06
1215.20000 7.30305e+06
1216.20000 7.30906e+06
1217.20000 7.31507e+06
1218.20000 7.32108e+06
1219.20000 7.32709e+06
1220.20000 7.33310e+06
1221.20000 7.33911e+06
1222.20000 7.34512e+06
1223.20000 7.35113e+06
1224.20000 7.35714e+06
1225.20000 7.36315e+06
1226.20000 7.36916e+06
1227.20000 7.37516e+06
1228.20000 7.38117e+06
1229.20000 7.38718e+06
1230.20000 7.39319e+06
1231.20000 7.39920e+06
1232.20000 7.40521e+06
1233.20000 7.41122e+06
1234.20000 7.41723e+06
1235.20000 7.42324e+06
1236.20000 7.42925e+06
1237.20000 7.43526e+06
1238.20000 7.44127e+06
1239.20000 7.44728e+06
1240.20000 7.45329e+06
1241.20000 7.45930e+06
1242.20000 7.46531e+06
1243.20000 7.47132e+06
1244.20000 7.47733e+06
1245.20000 7.48334e+06
1246.20000 7.48935e+06
1247.20000 7.49536e+06
1248.20000 7.50137e+06
1249.20000 7.50738e+06
1250.20000 7.51339e+06
1251.20000 7.51940e+06
1252.20000 7.52541e+06
1253.20000 7.53142e+06
1254.20000 7.53743e+06
1255.20000 7.54344e+06
1256.20000 7.54945e+06
1257.20000 7.55546e+06
1258.20000 7.56147e+06
1259.20000 7.56748e+06
1260.20000 7.57349e+06
1261.20000 7.57950e+06
1262.20000 7.58551e+06
1263.20000 7.59152e+06
1264.20000 7.59753e+06
1265.20000 7.60354e+06
1266.20000 7.60955e+06
1267.20000 7.61555e+06
1268.20000 7.62156e+06
1269.20000 7.62757e+06
1270.20000 7.63358e+06
1271.20000 7.63959e+06
1272.20000 7.64560e+06
1273.20000 7.65161e+06
1274.20000 7.65762e+06
1275.20000 7.66363e+06
1276.20000 7.66964e+06
1277.20000 7.67565e+06
1278.20000 7.68166e+06
1279.20000 7.68767e+06
1280.20000 7.69368e+06
1281.20000 7.69969e+06
1282.20000 7.70570e+06
1283.20000 7.71171e+06
1284.20000 7.71772e+06
1285.20000 7.72373e+06
1286.20000 7.72974e+06
1287.20000 7.73575e+06
1288.20000 7.74176e+06
1289.20000 7.74777e+06
1290.20000 7.75378e+06
1291.20000 7.75979e+06
1292.20000 7.76580e+06
1293.20000 7.77181e+06
1294.20000 7.77782e+06
1295.20000 7.78383e+06
1296.20000 7.78984e+06
1297.20000 7.79585e+06
1298.20000 7.80186e+06
1299.20000 7.80787e+06
1300.20000 7.81388e+06
1301.20000 7.81989e+06
1302.20000 7.82590e+06
1303.20000 7.83191e+06
1304.20000 7.83792e+06
1305.20000 7.84393e+06
1306.20000 7.84994e+06
1307.20000 7.85594e+06
1308.20000 7.86195e+06
1309.20000 7.86796e+06
1310.20000 7.87397e+06
1311.20000 7.87998e+06
1312.20000 7.88599e+06
1313.20000 7.89200e+06
1314.20000 7.89801e+06
1315.20000 7.90402e+06
1316.20000 7.91003e+06
1317.20000 7.91604e+06
1318.20000 7.92205e+06
1319.20000 7.92806e+06
1320.20000 7.93407e+06
1321.20000 7.94008e+06
1322.20000 7.94609e+06
1323.20000 7.95210e+06
1324.20000 7.95811e+06
1325.20000 7.96412e+06
1326.20000 7.97013e+06
1327.20000 7.97614e+06
1328.20000 7.98215e+06
1329.20000 7.98816e+06
1330.20000 7.99417e+06
1331.20000 8.00018e+06
1332.20000 8.00619e+06
1333.20000 8.01220e+06
1334.20000 8.01821e+06
1335.20000 8.02422e+06
1336.20000 8.03023e+06
1337.20000 8.03624e+06
1338.20000 8.04225e+06
1339.20000 8.04826e+06
1340.20000 8.05427e+06
1341.20000 8.06028e+06
1342.20000 8.06629e+06
1343.20000 8.07230e+06
1344.20000 8.07831e+06
1345.20000 8.08432e+06
1346.20000 8.09033e+06
1347.20000 8.09633e+06
1348.20000 8.10234e+06
1349.20000 8.10835e+06
1350.20000 8.11436e+06
1351.20000 8.12037e+06
1352.20000 8.12638e+06
1353.20000 8.13239e+06
1354.20000 8.13840e+06
1355.20000 8.14441e+06
1356.20000 8.15042e+06
1357.20000 8.15643e+06
1358.20000 8.16244e+06
1359.20000 8.16845e+06
1360.20000 8.17446e+06
1361.20000 8.18047e+06
1362.20000 8.18648e+06
1363.20000 8.19249e+06
1364.20000 8.19850e+06
1365.20000 8.20451e+06
1366.20000 8.21052e+06
1367.20000 8.21653e+06
1368.20000 8.22254e+06
1369.20000 8.22855e+06
1370.20000 8.23456e+06
1371.20000 8.24057e+06
1372.20000 8.24658e+06
1373.20000 8.25259e+06
1374.20000 8.25860e+06
1375.20000 8.26461e+06
1376.20000 8.27062e+06
1377.20000 8.27663e+06
1378.20000 8.28264e+06
1379.20000 8.28865e+06
1380.20000 8.29466e+06
1381.20000 8.30067e+06
1382.20000 8.30668e+06
1383.20000 8.31269e+06
1384.20000 8.31870e+06
1385.20000 8.32471e+06
1386.20000 8.33072e+06
1387.20000 8.33672e+06
1388.20000 8.34273e+06
1389.20000 8.34874e+06
1390.20000 8.35475e+06
1391.20000 8.36076e+06
1392.20000 8.36677e+06
1393.20000 8.37278e+06
1394.20000 8.37879e+06
1395.20000 8.38480e+06
1396.20000 8.39081e+06
1397.20000 8.39682e+06
1398.20000 8.40283e+06
1399.20000 8.40884e+06
1400.20000 8.41485e+06
1401.20000 8.42086e+06
1402.20000 8.42687e+06
1403.20000 8.43288e+06
1404.20000 8.43889e+06
1405.20000 8.44490e+06
1406.20000 8.45091e+06
1407.20000 8.45692e+06
1408.20000 8.46293e+06
1409.20000 8.46894e+06
1410.20000 8.47495e+06
1411.20000 8.48096e+06
1412.20000 8.48697e+06
1413.20000 8.49298e+06
1414.20000 8.49899e+06
1415.20000 8.50500e+06
1416.20000 8.51101e+06
1417.20000 8.51702e+06
1418.20000 8.52303e+06
1419.20000 8.52904e+06
1420.20000 8.53505e+06
1421.20000 8.54106e+06
1422.20000 8.54707e+06
1423.20000 8.55308e+06
1424.20000 8.55909e+06
1425.20000 8.56510e+06
1426.20000 8.57111e+06
1427.20000 8.57711e+06
1428.20000 8.58312e+06
1429.20000 8.58913e+06
1430.20000 8.59514e+06
1431.20000 8.60115e+06
1432.20000 8.60716e+06
1433.20000 8.61317e+06
1434.20000 8.61918e+06
1435.20000 8.62519e+06
1436.20000 8.63120e+06
1437.20000 8.63721e+06
1438.20000 8.64322e+06
1439.20000 8.64923e+06
1440.20000 8.65524e+06
1441.20000 8.66125e+06
1442.20000 8.66726e+06
1443.20000 8.67327e+06
1444.20000 8.67928e+06
1445.20000 8.68529e+06
1446.20000 8.69130e+06
1447.20000 8.69731e+06
1448.20000 8.70332e+06
1449.20000 8.70933e+06
1450.20000 8.71534e+06
1451.20000 8.72135e+06
1452.20000 8.72736e+06
1453.20000 8.73337e+06
1454.20000 8.73938e+06
1455.20000 8.74539e+06
1456.20000 8.75140e+06
1457.20000 8.75741e+06
1458.20000 8.76342e+06
1459.20000 8.76943e+06
1460.20000 8.77544e+06
1461.20000 8.78145e+06
1462.20000 8.78746e+06
1463.20000 8.79347e+06
1464.20000 8.79948e+06
1465.20000 8.80549e+06
1466.20000 8.81150e+06
1467.20000 8.81750e+06
1468.20000 8.82351e+06
1469.20000 8.82952e+06
1470.20000 8.83553e+06
1471.20000 8.84154e+06
1472.20000 8.84755e+06
1473.20000 8.85356e+06
1474.20000 8.85957e+06
1475.20000 8.86558e+06
1476.20000 8.87159e+06
1477.20000 8.87760e+06
1478.20000 8.88361e+06
1479.20000 8.88962e+06
1480.20000 8.89563e+06
1481.20000 8.90164e+06
1482.20000 8.90765e+06
1483.20000 8.91366e+06
1484.20000 8.91967e+06
1485.20000 8.92568e+06
1486.20000 8.93169e+06
1487.20000 8.93770e+06
1488.20000 8.94371e+06
1489.20000 8.94972e+06
1490.20000 8.95573e+06
1491.20000 8.96174e+06
1492.20000 8.96775e+06
1493.20000 8.97376e+06
1494.20000 8.97977e+06
1495.20000 8.98578e+06
1496.20000 8.99179e+06
1497.20000 8.99780e+06
1498.20000 9.00381e+06
1499.20000 9.00982e+06
1500.20000 9.01583e+06
1501.20000 9.02184e+06
1502.20000 9.02785e+06
1503.20000 9.03386e+06
1504.20000 9.03987e+06
1505.20000 9.04588e+06
1506.20000 9.05189e+06
1507.20000 9.05789e+06
1508.20000 9.06390e+06
1509.20000 9.06991e+06
1510.20000 9.07592e+06
1511.20000 9.08193e+06
1512.20000 9.08794e+06
1513.20000 9.09395e+06
1514.20000 9.09996e+06
1515.20000 9.10597e+06
1516.20000 9.11198e+06
1517.20000 9.11799e+06
1518.20000 9.12400e+06
1519.20000 9.13001e+06
1520.20000 9.13602e+06
1521.20000 9.14203e+06
1522.20000 9.14804e+06
1523.20000 9.15405e+06
1524.20000 9.16006e+06
1525.20000 9.16607e+06
1526.20000 9.17208e+06
1527.20000 9.17809e+06
1528.20000 9.18410e+06
1529.20000 9.19011e+06
1530.20000 9.19612e+06
1531.20000 9.20213e+06
1532.20000 9.20814e+06
1533.20000 9.21415e+06
1534.20000 9.22016e+06
1535.20000 9.22617e+06
1536.20000 9.23218e+06
1537.20000 9.23819e+06
1538.20000 9.24420e+06
1539.20000 9.25021e+06
1540.20000 9.25622e+06
1541.20000 9.26223e+06
1542.20000 9.26824e+06
1543.20000 9.27425e+06
1544.20000 9.28026e+06
1545.20000 9.28627e+06
1546.20000 9.29227e+06
1547.20000 9.29828e+06
1548.20000 9.30429e+06
1549.20000 9.31030e+06
1550.20000 9.31631e+06
1551.20000 9.32232e+06
1552.20000 9.32833e+06
1553.20000 9.33434e+06
1554.20000 9.34035e+06
1555.20000 9.34636e+06
1556.20000 9.35237e+06
1557.20000 9.35838e+06
1558.20000 9.36439e+06
1559.20000 9.37040e+06
1560.20000 9.37641e+06
1561.20000 9.38242e+06
1562.20000 9.38843e+06
1563.20000 9.39444e+06
1564.20000 9.40045e+06
1565.20000 9.40646e+06
1566.20000 9.41247e+06
1567.20000 9.41848e+06
1568.20000 9.42449e+06
1569.20000 9.43050e+06
1570.20000 9.43651e+06
1571.20000 9.44252e+06
1572.20000 9.44853e+06
1573.20000 9.45454e+06
1574.20000 9.46055e+06
1575.20000 9.46656e+06
1576.20000 9.47257e+06
1577.20000 9.47858e+06
1578.20000 9.48459e+06
1579.20000 9.49060e+06
1580.20000 9.49661e+06
1581.20000 9.50262e+06
1582.20000 9.50863e+06
1583.20000 9.51464e+06
1584.20000 9.52065e+06
1585.20000 9.52666e+06
1586.20000 9.53266e+06
1587.20000 9.53867e+06
1588.20000 9.54468e+06
1589.20000 9.55069e+06
1590.20000 9.55670e+06
1591.20000 9.56271e+06
1592.20000 9.56872e+06
1593.20000 9.57473e+06
1594.20000 9.58074e+06
1595.20000 9.58675e+06
1596.20000 9.59276e+06
1597.20000 9.59877e+06
1598.20000 9.60478e+06
1599.20000 9.61079e+06
1600.20000 9.61680e+06
1601.20000 9.62281e+06
1602.20000 9.62882e+06
1603.20000 9.63483e+06
1604.20000 9.64084e+06
1605.20000 9.64685e+06
1606.20000 9.65286e+06
1607.20000 9.65887e+06
1608.20000 9.66488e+06
1609.20000 9.67089e+06
1610.20000 9.67690e+06
1611.20000 9.68291e+06
1612.20000 9.68892e+06
1613.20000 9.69493e+06
1614.20000 9.70094e+06
1615.20000 9.70695e+06
1616.20000 9.71296e+06
1617.20000 9.71897e+06
1618.20000 9.72498e+06
1619.20000 9.73099e+06
1620.20000 9.73700e+06
1621.20000 9.74301e+06
1622.20000 9.74902e+06
1623.20000 9.75503e+06
1624.20000 9.76104e+06
1625.20000 9.76705e+06
1626.20000 9.77305e+06
1627.20000 9.77906e+06
1628.20000 9.78507e+06
1629.20000 9.79108e+06
1630.20000 9.79709e+06
1631.20000 9.80310e+06
1632.20000 9.80911e+06
1633.20000 9.81512e+06
1634.20000 9.82113e+06
1635.20000 9.82714e+06
1636.20000 9.83315e+06
1637.20000 9.83916e+06
1638.20000 9.84517e+06
1639.20000 9.85118e+06
1640.20000 9.85719e+06
1641.20000 9.86320e+06
1642.20000 9.86921e+06
1643.20000 9.87522e+06
1644.20000 9.88123e+06
1645.20000 9.88724e+06
1646.20000 9.89325e+06
1647.20000 9.89926e+06
1648.20000 9.90527e+06
1649.20000 9.91128e+06
1650.20000 9.91729e+06
1651.20000 9.92330e+06
1652.20000 9.92931e+06
1653.20000 9.93532e+06
1654.20000 9.94133e+06
1655.20000 9.94734e+06
1656.20000 9.95335e+06
1657.20000 9.95936e+06
1658.20000 9.96537e+06
1659.20000 9.97138e+06
1660.20000 9.97739e+06
1661.20000 9.98340e+06
1662.20000 9.98941e+06
1663.20000 9.99542e+06
1664.20000 1.00014e+07
1665.20000 1.00074e+07
1666.20000 1.00134e+07
1667.20000 1.00195e+07
1668.20000 1.00255e+07
1669.20000 1.00315e+07
1670.20000 1.00375e+07
1671.20000 1.00435e+07
1672.20000 1.00495e+07
1673.20000 1.00555e+07
1674.20000 1.00615e+07
1675.20000 1.00675e+07
1676.20000 1.00735e+07
1677.20000 1.00796e+07
1678.20000 1.00856e+07
1679.20000 1.00916e+07
1680.20000 1.00976e+07
1681.20000 1.01036e+07
1682.20000 1.01096e+07
1683.20000 1.01156e+07
1684.20000 1.01216e+07
1685.20000 1.01276e+07
1686.20000 1.01336e+07
1687.20000 1.01396e+07
1688.20000 1.01457e+07
1689.20000 1.01517e+07
1690.20000 1.01577e+07
1691.20000 1.01637e+07
1692.20000 1.01697e+07
1693.20000 1.01757e+07
1694.20000 1.01817e+07
1695.20000 1.01877e+07
1696.20000 1.01937e+07
1697.20000 1.01997e+07
1698.20000 1.02058e+07
1699.20000 1.02118e+07
1700.20000 1.02178e+07
1701.20000 1.02238e+07
1702.20000 1.02298e+07
1703.20000 1.02358e+07
1704.20000 1.02418e+07
1705.20000 1.02478e+07
1706.20000 1.02538e+07
1707.20000 1.02598e+07
1708.20000 1.02659e+07
1709.20000 1.02719e+07
1710.20000 1.02779e+07
1711.20000 1.02839e+07
1712.20000 1.02899e+07
1713.20000 1.02959e+07
1714.20000 1.03019e+07
1715.20000 1.03079e+07
1716.20000 1.03139e+07
1717.20000 1.03199e+07
1718.20000 1.03260e+07
1719.20000 1.03320e+07
1720.20000 1.03380e+07
1721.20000 1.03440e+07
1722.20000 1.03500e+07
1723.20000 1.03560e+07
1724.20000 1.03620e+07
1725.20000 1.03680e+07
1726.20000 1.03740e+07
1727.20000 1.03800e+07
1728.20000 1.03860e+07
1729.20000 1.03921e+07
1730.20000 1.03981e+07
1731.20000 1.04041e+07
1732.20000 1.04101e+07
1733.20000 1.04161e+07
1734.20000 1.04221e+07
1735.20000 1.04281e+07
1736.20000 1.04341e+07
1737.20000 1.04401e+07
1738.20000 1.04461e+07
1739.20000 1.04522e+07
1740.20000 1.04582e+07
1741.20000 1.04642e+07
1742.20000 1.04702e+07
1743.20000 1.04762e+07
1744.20000 1.04822e+07
1745.20000 1.04882e+07
1746.20000 1.04942e+07
1747.20000 1.05002e+07
1748.20000 1.05062e+07
1749.20000 1.05123e+07
1750.20000 1.05183e+07
1751.20000 1.05243e+07
1752.20000 1.05303e+07
1753.20000 1.05363e+07
1754.20000 1.05423e+07
1755.20000 1.05483e+07
1756.20000 1.05543e+07
1757.20000 1.05603e+07
1758.20000 1.05663e+07
1759.20000 1.05724e+07
1760.20000 1.05784e+07
1761.20000 1.05844e+07
1762.20000 1.05904e+07
1763.20000 1.05964e+07
1764.20000 1.06024e+07
1765.20000 1.06084e+07
1766.20000 1.06144e+07
1767.20000 1.06204e+07
1768.20000 1.06264e+07
1769.20000 1.06324e+07
1770.20000 1.06385e+07
1771.20000 1.06445e+07
1772.20000 1.06505e+07
1773.20000 1.06565e+07
1774.20000 1.06625e+07
1775.20000 1.06685e+07
1776.20000 1.06745e+07
1777.20000 1.06805e+07
1778.20000 1.06865e+07
1779.20000 1.06925e+07
1780.20000 1.06986e+07
1781.20000 1.07046e+07
1782.20000 1.07106e+07
1783.20000 1.07166e+07
1784.20000 1.07226e+07
1785.20000 1.07286e+07
1786.20000 1.07346e+07
1787.20000 1.07406e+07
1788.20000 1.07466e+07
1789.20000 1.07526e+07
1790.20000 1.07587e+07
1791.20000 1.07647e+07
1792.20000 1.07707e+07
1793.20000 1.07767e+07
1794.20000 1.07827e+07
1795.20000 1.07887e+07
1796.20000 1.07947e+07
1797.20000 1.08007e+07
1798.20000 1.08067e+07
1799.20000 1.08127e+07
1800.20000 1.08188e+07
1801.20000 1.08248e+07
1802.20000 1.08308e+07
1803.20000 1.08368e+07
1804.20000 1.08428e+07
1805.20000 1.08488e+07
1806.20000 1.08548e+07
1807.20000 1.08608e+07
1808.20000 1.08668e+07
1809.20000 1.08728e+07
1810.20000 1.08788e+07
1811.20000 1.08849e+07
1812.20000 1.08909e+07
1813.20000 1.08969e+07
1814.20000 1.09029e+07
1815.20000 1.09089e+07
1816.20000 1.09149e+07
1817.20000 1.09209e+07
1818.20000 1.09269e+07
1819.20000 1.09329e+07
1820.20000 1.09389e+07
1821.20000 1.09450e+07
1822.20000 1.09510e+07
1823.20000 1.09570e+07
1824.20000 1.09630e+07
1825.20000 1.09690e+07
1826.20000 1.09750e+07
1827.20000 1.09810e+07
1828.20000 1.09870e+07
1829.20000 1.09930e+07
1830.20000 1.09990e+07
1831.20000 1.10051e+07
1832.20000 1.10111e+07
1833.20000 1.10171e+07
1834.20000 1.10231e+07
1835.20000 1.10291e+07
1836.20000 1.10351e+07
1837.20000 1.10411e+07
1838.20000 1.10471e+07
1839.20000 1.10531e+07
1840.20000 1.10591e+07
1841.20000 1.10652e+07
1842.20000 1.10712e+07
1843.20000 1.10772e+07
1844.20000 1.10832e+07
1845.20000 1.10892e+07
1846.20000 1.10952e+07
1847.20000 1.11012e+07
1848.20000 1.11072e+07
1849.20000 1.11132e+07
1850.20000 1.11192e+07
1851.20000 1.11252e+07
1852.20000 1.11313e+07
1853.20000 1.11373e+07
1854.20000 1.11433e+07
1855.20000 1.11493e+07
1856.20000 1.11553e+07
1857.20000 1.11613e+07
1858.20000 1.11673e+07
1859.20000 1.11733e+07
1860.20000 1.11793e+07
1861.20000 1.11853e+07
1862.20000 1.11914e+07
1863.20000 1.11974e+07
1864.20000 1.12034e+07
1865.20000 1.12094e+07
1866.20000 1.12154e+07
1867.20000 1.12214e+07
1868.20000 1.12274e+07
1869.20000 1.12334e+07
1870.20000 1.12394e+07
1871.20000 1.12454e+07
1872.20000 1.12515e+07
1873.20000 1.12575e+07
1874.20000 1.12635e+07
1875.20000 1.12695e+07
1876.20000 1.12755e+07
1877.20000 1.12815e+07
1878.20000 1.12875e+07
1879.20000 1.12935e+07
1880.20000 1.12995e+07
1881.20000 1.13055e+07
1882.20000 1.13116e+07
1883.20000 1.13176e+07
1884.20000 1.13236e+07
1885.20000 1.13296e+07
1886.20000 1.13356e+07
1887.20000 1.13416e+07
1888.20000 1.13476e+07
1889.20000 1.13536e+07
1890.20000 1.13596e+07
1891.20000 1.13656e+07
1892.20000 1.13716e+07
1893.20000 1.13777e+07
1894.20000 1.13837e+07
1895.20000 1.13897e+07
1896.20000 1.13957e+07
1897.20000 1.14017e+07
1898.20000 1.14077e+07
1899.20000 1.14137e+07
1900.20000 1.14197e+07
1901.20000 1.14257e+07
1902.20000 1.14317e+07
1903.20000 1.14378e+07
1904.20000 1.14438e+07
1905.20000 1.14498e+07
1906.20000 1.14558e+07
1907.20000 1.14618e+07
1908.20000 1.14678e+07
1909.20000 1.14738e+07
1910.20000 1.14798e+07
1911.20000 1.14858e+07
1912.20000 1.14918e+07
1913.20000 1.14979e+07
1914.20000 1.15039e+07
1915.20000 1.15099e+07
1916.20000 1.15159e+07
1917.20000 1.15219e+07
1918.20000 1.15279e+07
1919.20000 1.15339e+07
1920.20000 1.15399e+07
1921.20000 1.15459e+07
1922.20000 1.15519e+07
1923.20000 1.15580e+07
1924.20000 1.15640e+07
1925.20000 1.15700e+07
1926.20000 1.15760e+07
1927.20000 1.15820e+07
1928.20000 1.15880e+07
1929.20000 1.15940e+07
1930.20000 1.16000e+07
1931.20000 1.16060e+07
1932.20000 1.16120e+07
1933.20000 1.16180e+07
1934.20000 1.16241e+07
1935.20000 1.16301e+07
1936.20000 1.16361e+07
1937.20000 1.16421e+07
1938.20000 1.16481e+07
1939.20000 1.16541e+07
1940.20000 1.16601e+07
1941.20000 1.16661e+07
1942.20000 1.16721e+07
1943.20000 1.16781e+07
1944.20000 1.16842e+07
1945.20000 1.16902e+07
1946.20000 1.16962e+07
1947.20000 1.17022e+07
1948.20000 1.17082e+07
1949.20000 1.17142e+07
1950.20000 1.17202e+07
1951.20000 1.17262e+07
1952.20000 1.17322e+07
1953.20000 1.17382e+07
1954.20000 1.17443e+07
1955.20000 1.17503e+07
1956.20000 1.17563e+07
1957.20000 1.17623e+07
1958.20000 1.17683e+07
1959.20000 1.17743e+07
1960.20000 1.17803e+07
1961.20000 1.17863e+07
1962.20000 1.17923e+07
1963.20000 1.17983e+07
1964.20000 1.18044e+07
1965.20000 1.18104e+07
1966.20000 1.18164e+07
1967.20000 1.18224e+07
1968.20000 1.18284e+07
1969.20000 1.18344e+07
1970.20000 1.18404e+07
1971.20000 1.18464e+07
1972.20000 1.18524e+07
1973.20000 1.18584e+07
1974.20000 1.18644e+07
1975.20000 1.18705e+07
1976.20000 1.18765e+07
1977.20000 1.18825e+07
1978.20000 1.18885e+07
1979.20000 1.18945e+07
1980.20000 1.19005e+07
1981.20000 1.19065e+07
1982.20000 1.19125e+07
1983.20000 1.19185e+07
1984.20000 1.19245e+07
1985.20000 1.19306e+07
1986.20000 1.19366e+07
1987.20000 1.19426e+07
1988.20000 1.19486e+07
1989.20000 1.19546e+07
1990.20000 1.19606e+07
1991.20000 1.19666e+07
1992.20000 1.19726e+07
1993.20000 1.19786e+07
1994.20000 1.19846e+07
1995.20000 1.19907e+07
1996.20000 1.19967e+07
1997.20000 1.20027e+07
1998.20000 1.20087e+07
1999.20000 1.20147e+07
